inicio 117 183
fim 1538 -281
paredes 23
-288 -288 576 32
-288 -256 32 544
-256 256 544 32
256 -32 32 288
0 -32 256 32
480 -288 480 32
480 -160 32 448
512 0 416 32
928 -160 32 448
1120 -288 320 32
1120 -160 32 448
1216 -32 224 32
1440 -256 32 64
1472 -224 32 192
1440 -64 32 96
1472 0 32 64
1504 32 32 224
1472 224 32 64
1152 256 256 32
-384 -384 1984 32
-384 -352 32 704
-384 352 2016 32
1600 -384 32 736
pisos 1
-352 -352 1952 704
inimigos 22
813 268
583 158
703 -129
848 -79
-316 -313
-309 312
-318 16
1421 202
1438 117
1382 102
1343 140
1294 201
1321 58
1248 71
1236 147
1218 192
1335 -142
1289 -132
1376 -77
715 -311
1318 112
47 -123
vidas 2
660 113
1389 -122
flechas 3
376 314
869 -35
1563 310
